$ 1 0.000005 10.20027730826997 50 5 50 5e-11
c 992 320 992 464 0 0.00001 4.999999978144627 0.001
s 832 320 832 480 0 1 false
v 320 592 320 304 0 0 40 5 0 0 0.5
w 832 480 832 592 0
w 992 464 992 592 0
g 512 592 512 720 0 0
w 320 592 512 592 0
w 512 592 560 592 0
w 560 592 832 592 0
w 560 592 560 304 0
s 560 304 560 208 0 1 false
s 560 208 704 208 0 0 false
w 320 304 320 208 0
w 320 208 560 208 0
w 832 208 832 320 0
w 832 208 992 208 0
w 992 208 992 320 0
w 992 592 832 592 0
r 704 208 832 208 0 1000
o 0 64 0 4099 5 0.0125 0 2 0 3
